# T E Cv Mx My rho_m chi_x chi_y
100.0 2.9531612500000444 0.00016648636012508845 -1.9169833156686594e-09 -5.620876736111111e-07 0.48805343749999996 1.930617539469401e-10 1.6020038065592449e-10
83.37822234717892 2.948476249999973 0.00020093465357349816 1.9677269916716736e-07 1.5874565972222226e-07 0.48628750000000004 2.856515302253847e-10 2.807311785463149e-10
69.51927961775606 2.928518468749985 0.0003647662957599435 1.1753738878619526e-07 1.5167100694444444e-07 0.48162906250000004 3.1594818514177075e-10 3.2824132659401406e-10
57.963939533849675 2.9163682499999486 0.00042684499061199625 -2.4356964481437325e-07 -1.1953125e-07 0.47789875 3.2977635530771984e-10 3.239751545001164e-10
48.32930238571752 2.8986613125000606 0.0006866512728035746 4.90447025545979e-07 1.1796874999999992e-07 0.4740621875 5.295085237631444e-10 5.26744023421132e-10
40.296113202004 2.8751440937499915 0.0010532779670862527 -9.945760496586906e-08 4.178385416666666e-07 0.4681203125 5.781565767077417e-10 4.525676132504594e-10
33.59818286283783 2.8391814687500103 0.0013439494622315236 -5.892656360732919e-07 -6.239149305555558e-08 0.4585425 5.828764277550647e-10 6.694742924285577e-10
28.013567611988687 2.816743656249945 0.0022458162770549813 -3.327281629470422e-07 3.198350694444445e-07 0.4528334375 6.272648823322382e-10 7.703272861771948e-10
23.357214690901223 2.7807565937499565 0.0033907449522996855 -8.70911831843986e-08 4.7981770833333346e-08 0.4433753125 9.792030833883445e-10 6.36950152267004e-10
19.474830399087562 2.7581420000000265 0.004261085442241913 3.8993695915189973e-07 -2.763454861111111e-07 0.4372240625 9.901435878999457e-10 1.3896124427571272e-09
16.237767391887218 2.705466906249954 0.005731980186798803 -1.0917032043192379e-06 6.500434027777778e-07 0.4240621875000001 1.3076291767627228e-09 1.5929361648616003e-09
13.538761800225446 2.6506121875000503 0.008947776874694448 6.947748942513701e-07 1.0993923611111112e-07 0.409546875 1.9034340248915727e-09 1.5043577680548421e-09
11.288378916846895 2.58261312499997 0.011872076802606124 -1.9906556156433968e-07 -1.5460069444444446e-07 0.39078531250000004 1.8942734307729458e-09 2.0177637579900538e-09
9.41204967268067 2.5216222187500033 0.014865587894683745 3.788109383393912e-07 -8.958333333333332e-08 0.3760178125 3.288014213067705e-09 2.7545077076363994e-09
7.847599703514615 2.42241871875002 0.019569133737182942 1.1227508164514416e-07 -3.3031684027777787e-07 0.350459375 3.390060783530278e-09 4.461940587831822e-09
6.543189129712969 2.340357312499992 0.02507672903732894 4.946944591669705e-07 -3.5349392361111115e-07 0.32898625 4.513001060441748e-09 2.639577511541315e-09
5.45559478116852 2.235916906249996 0.034480045142939536 1.4260852352248957e-07 1.838975694444444e-07 0.301439375 4.545092021314661e-09 4.776461513167561e-09
4.548777947003778 2.1376585937499972 0.04255577171758056 9.923207751696693e-07 1.9357638888888894e-07 0.2756659375 5.751935974611156e-09 6.646003849548357e-09
3.79269019073225 2.0208586562499775 0.06867183947150483 1.7290437749168063e-09 6.73828125e-07 0.24558750000000001 1.0390449197109464e-08 8.123280276721928e-09
3.1622776601683795 1.8917288750000056 0.06580927661581276 8.38323115477619e-07 -4.3771701388888864e-08 0.2113975 8.037391792501284e-09 1.3081200025231147e-08
3.1622776601683795 1.8891609375000105 0.06415573174479264 2.6773866975505886e-07 1.1165147569444443e-06 0.21005562500000002 7.179926531252532e-09 7.146093850356114e-09
2.4484367468222272 1.7117074062500015 0.08510692626191395 -3.673842142616798e-07 8.809027777777778e-07 0.163864375 6.289933941813473e-09 1.8357371189807586e-08
1.8957356524063758 1.5364932499999722 0.09987598508006915 3.9061354149860627e-07 -1.898871527777778e-07 0.1212140625 1.4812069610305191e-08 9.155655148533206e-09
1.4677992676220697 1.374691156250009 0.10917594821973951 -1.2847171126713687e-06 -1.6512586805555564e-07 0.08133687499999999 1.7744263207544706e-08 3.1241030509785474e-08
1.1364636663857248 1.2143874062500073 0.1320536021496079 7.849106979959486e-07 -6.000434027777777e-07 0.048130624999999996 3.692515609726674e-08 2.5975285916972267e-08
0.8799225435691069 1.073059375000005 0.1981802602361208 -2.2526433354514502e-07 -4.504123263888889e-07 0.023690625 1.6168942100490227e-08 5.402966447499498e-08
0.6812920690579614 0.9271724374999977 0.3863245431881379 -4.266227575066598e-08 7.695095486111111e-07 0.0087578125 2.9145452822296527e-08 1.9736656697697455e-08
0.527499706370262 0.8140890000000098 0.17115840969610885 -2.9280980449135286e-08 -2.0353732638888892e-07 0.00212375 2.6978070374751388e-08 1.623352369021727e-08
0.40842386526745217 0.7268335000000034 0.1326664528886744 -5.019489254399909e-07 -2.689670138888889e-07 0.000925 1.6162689342719328e-08 1.5970744981705808e-08
0.31622776601683794 0.664209500000006 0.09889252283367869 1.9921591319694112e-07 -2.991319444444444e-07 0.0001975 1.3751284157293341e-08 1.3825166597798437e-08
0.31622776601683794 0.6585205937500045 0.19952931103665222 -5.340489990004038e-07 -3.748697916666666e-07 1.2812500000000001e-05 1.4507770903313419e-08 1.1637172381963852e-08
0.2154434690031884 0.6103530625000032 0.24374555035821452 -4.827790922833042e-07 1.9644097222222223e-07 0.0 1.1602954218251484e-08 1.2067380704788425e-08
0.14677992676220697 0.5818345312500048 0.08141813329811502 7.701762380010043e-08 3.027560763888889e-07 0.0 8.445534036534502e-09 6.240242795841047e-09
0.1 0.5728714687500067 0.0410667307805852 -1.8842818355778607e-07 1.5115017361111113e-07 0.0 8.411989407009548e-09 6.533627545392072e-09
0.06812920690579616 0.5702081250000073 0.03224116002006948 -7.367229997471791e-08 2.476128472222222e-07 0.0 4.729256885066158e-09 7.760385406010227e-09
0.046415888336127795 0.5689581250000079 0.016339456381121727 -1.3603063959617553e-07 2.1842447916666664e-07 0.0 5.265817179324951e-09 6.262814891270501e-09
0.03162277660168379 0.5683634062500077 0.01481893697928172 -1.4486379801151163e-07 1.8229166666666666e-07 0.0 3.3529467730707463e-09 5.858929150105805e-09
0.021544346900318846 0.567817406250008 0.002972840442705914 -1.1783809205139823e-07 2.3430989583333333e-07 0.0 2.0478741179739857e-09 2.1848513949981182e-09
0.014677992676220698 0.5677575625000079 0.001328258643451352 -1.0505820328027373e-07 2.3413628472222222e-07 0.0 1.4664740633736449e-09 2.173312428877765e-09
0.01 0.5677525312500078 0.0008095788264957567 -1.294903435780118e-07 2.071397569444444e-07 0.0 1.921912299262155e-09 4.292122169777212e-09
