# T E Cv Mx My rho_m chi_x chi_y
100.0 2.939793875000022 0.00015851627808312577 1.911871360160229e-06 -4.642361111111113e-07 0.4846425 3.523020655381944e-09 3.782844952256945e-09
83.37822234717892 2.9304678749999904 0.00024138269399869743 -4.205034460597773e-06 -6.868055555555554e-07 0.48154874999999997 4.4918092386880456e-09 4.5841895249797534e-09
69.51927961775606 2.93209799999999 0.0003608406167094698 -1.3267028060753272e-06 9.75e-07 0.48261125 4.88704336758152e-09 5.509927223101744e-09
57.963939533849675 2.91100212500004 0.0005242889357308363 1.4944952280585625e-06 -1.5184027777777778e-06 0.47677125000000004 5.137224561792152e-09 5.809074629117181e-09
48.32930238571752 2.898948499999942 0.0007228374909891281 2.4134444065187166e-06 7.093749999999999e-07 0.47361000000000003 7.827034150863432e-09 6.9990156757192575e-09
40.296113202004 2.867469249999962 0.0010565602549823024 -2.2011479012854484e-06 -1.0791666666666666e-06 0.4658462500000001 8.201357060004595e-09 7.867827626348291e-09
33.59818286283783 2.8506033749999995 0.0014515028018794222 7.866397417708651e-07 -1.3756944444444445e-06 0.46034250000000004 1.0109430041300089e-08 1.0932005167660796e-08
28.013567611988687 2.8128157500000297 0.002052478158219849 -2.278127937177398e-06 8.854166666666664e-07 0.45206500000000005 1.1581798913951746e-08 1.4221518557065943e-08
23.357214690901223 2.7779531249999625 0.0028409292784749964 -1.7140086116567034e-07 1.1840277777777787e-07 0.44154000000000004 1.2731626621874994e-08 1.3566656119630676e-08
19.474830399087562 2.7360729999999296 0.0041760949611352825 -1.4307461358355413e-06 -1.7809027777777778e-06 0.43090125 1.7231428566754058e-08 2.0436095331269817e-08
16.237767391887218 2.6887552499999408 0.005540409509763529 -3.7870569219657006e-06 4.718750000000001e-07 0.41949000000000003 2.1553986833241306e-08 2.245239947920755e-08
13.538761800225446 2.6488196250000184 0.007919972002807188 -1.1547005383792534e-07 -8.541666666666661e-08 0.40806749999999997 2.9509251149951487e-08 2.853239711467318e-08
11.288378916846895 2.5845941250000184 0.011099761083233198 -7.950594331965473e-07 2.378472222222222e-06 0.39189999999999997 3.25940657769245e-08 3.498786127235422e-08
9.41204967268067 2.5133417499999964 0.014736901191665347 -6.380923287606174e-07 -1.957986111111111e-06 0.37324874999999996 5.021342307368586e-08 4.1616392712823395e-08
7.847599703514615 2.4346441249999713 0.01932701564840287 1.810233656521641e-07 -1.6562500000000035e-07 0.35327250000000004 4.996305007141002e-08 5.25787110106882e-08
6.543189129712969 2.337075250000008 0.025167092149027803 2.4116401869274954e-07 5.628472222222224e-07 0.3278875 6.43038506406239e-08 6.400302632299044e-08
5.45559478116852 2.2351752500000184 0.035418069483103415 4.666914675949476e-07 -4.29375e-06 0.30056625 8.771209083411921e-08 8.185038643803366e-08
4.548777947003778 2.131260875 0.04286668548095091 -3.7960780199217882e-06 -1.6986111111111111e-06 0.2739075 7.388876468562736e-08 9.341757664383242e-08
3.79269019073225 2.0149934999999846 0.05990446739806145 5.605108863382613e-07 1.6465277777777777e-06 0.243085 1.1580383327202442e-07 9.750593790649491e-08
3.1622776601683795 1.8883842499999566 0.06822803052583672 -4.1677472557126097e-07 7.204861111111109e-07 0.20974875 1.5432542921574942e-07 1.5642387503804144e-07
3.1622776601683795 1.8934566250000113 0.07091492949811316 -1.907661514447388e-06 3.173611111111111e-07 0.21237875 1.3343472369559908e-07 1.47812351958519e-07
2.801356761198868 1.80692262500002 0.08263954122908589 -1.2407016722272892e-06 1.0315972222222221e-06 0.18977750000000002 1.2917507325589118e-07 2.016441464958631e-07
2.481628922836826 1.7265926249999797 0.09666767171152205 -3.7870569219657006e-06 2.346875e-06 0.166645 2.0534189051256419e-07 2.0985821183665372e-07
2.1983926488622894 1.6432868749999827 0.10008158073629027 -9.279702764162426e-07 1.4329861111111106e-06 0.14757000000000003 2.2806695071455033e-07 2.366160746927427e-07
1.9474830399087562 1.557998625000004 0.11256746727108582 -4.426953470317537e-06 7.1559027777777785e-06 0.12595250000000002 1.930379988060139e-07 2.606063737195156e-07
1.7252105499420407 1.4842052500000096 0.127983897554422 -4.82869303262865e-06 -6.906249999999995e-07 0.1071275 2.3092520520107e-07 2.8486742698222784e-07
1.5283067326587692 1.3955184999999974 0.1316361561522329 2.8055614643433374e-06 6.696180555555556e-06 0.08587874999999999 3.311966311579767e-07 2.7658177598237503e-07
1.353876180022544 1.3114253749999873 0.1509934983743126 3.0689775246611037e-06 -3.1704861111111113e-06 0.06816625 3.583311587557639e-07 4.365409556624691e-07
1.1993539462092344 1.2425856250000076 0.19377481427578694 -1.7248339292040065e-06 3.1847222222222218e-06 0.05362125 3.8719868500963587e-07 3.4804550316822163e-07
1.0624678308940414 1.18137037500001 0.14339911573980582 -3.737140179942015e-06 -9.027777777777709e-09 0.04051625 4.296675040575355e-07 3.8121188556007186e-07
0.9412049672680668 1.1064405000000006 0.1865125920608596 1.1907849302036024e-06 3.8055555555555545e-07 0.02960375 4.2420669808808285e-07 3.67646269839348e-07
0.8337822234717891 1.04200700000001 0.1991830456645429 2.1127411413157868e-06 -4.811458333333333e-06 0.0207875 4.940842853365956e-07 3.547057283643913e-07
0.7386199822079362 0.9793031249999978 0.191851696095859 2.6101043419614257e-07 2.2500000000000005e-06 0.012497500000000002 5.166751384879086e-07 5.081865126921148e-07
0.6543189129712969 0.9058461250000007 0.2905755005967515 -1.8487236744676133e-06 -6.673611111111109e-07 0.006602500000000001 4.950828430700484e-07 3.22401504858118e-07
0.5796393953384968 0.831756249999995 0.25923235733884836 -1.181763832247515e-06 -1.232986111111111e-06 0.00394125 2.919565240029416e-07 3.7821557239157734e-07
0.5134832907437552 0.7825266250000021 0.2247138330288284 -2.1650635094611004e-07 5.145138888888889e-06 0.00161375 3.398141517636345e-07 3.325741119520025e-07
0.45487779470037776 0.7429550000000066 0.22415716842031724 -1.3297098387273566e-06 8.364583333333334e-07 0.0008875 3.5765623192346907e-07 4.1540802016737e-07
0.4029611320200402 0.7105658749999988 0.18347801873800612 8.257311662472461e-07 -1.6642361111111107e-06 0.00012375 3.2910543212401824e-07 3.4771425188486795e-07
0.35696988468260654 0.6802068749999992 0.1733159230075165 -8.443747686898277e-07 2.09375e-06 5.25e-05 2.66932317542231e-07 2.595433937784404e-07
0.31622776601683794 0.6593827499999976 0.18592366991664067 1.1438752208319457e-06 7.388888888888887e-07 2.2499999999999998e-05 2.4078108601792193e-07 2.5117397559882816e-07
0.31622776601683794 0.6585838749999993 0.15216199497929964 5.797558953112493e-07 -1.201388888888889e-06 1.25e-05 2.1359470498011984e-07 2.3835137157198873e-07
0.2154434690031884 0.593719499999999 0.12854185309974728 2.6606224905155255e-06 -9.881944444444444e-07 0.0 1.505942223116845e-07 1.714059005806168e-07
0.14677992676220697 0.5679097499999982 0.06705381532418062 1.3880462721767252e-06 -8.729166666666667e-07 0.0 1.0249286918984105e-07 1.378313429333674e-07
0.1 0.5609213749999982 0.03076299145929321 1.2954296664942225e-06 1.1666666666666666e-06 0.0 8.130331597222221e-08 1.2857986111111114e-07
0.06812920690579616 0.5579606249999984 0.017922551430032185 3.7287204885163344e-07 4.6180555555555557e-07 0.0 7.44576854177938e-08 9.482743500519423e-08
0.046415888336127795 0.5566642499999984 0.00920330752223341 -5.9539246510179955e-08 -6.5625e-08 0.0 5.707941875198757e-08 5.325704890214596e-08
0.03162277660168379 0.5562328749999981 0.008040064585657094 -1.2629537138522811e-08 -4.548611111111112e-08 0.0 2.741682378718875e-08 3.281612923854819e-08
0.021544346900318846 0.5560858749999981 0.005179759230253702 3.548298529394607e-08 3.298611111111111e-08 0.0 1.3105215826618707e-08 2.3133908408673585e-08
0.014677992676220698 0.556004624999998 0.000702340092350084 -5.412658773652428e-09 -7.2916666666666674e-09 0.0 2.0675026118256765e-09 8.433256385493361e-10
0.01 0.555999999999998 1.2126596023639044e-10 3.0839528461809905e-22 0.0 0.0 3.480162382932546e-54 0.0
